feature_maps: 100
filters: [3,4,5]
learn_rate: 0.000200
batch_size: 20
result: 0.262431