feature_maps: 100
filters: [3,4,5]
rnncel: GRU
learn_rate: 0.000200
batch_size: 20
beta: 2.000000
result: 0.785830